-----------------------------------------------------------------------------------------
Normal Movement starting from Blue House Home Square:

{

    (325,675), (325,625), (325,575), (325,525), (325,475),
    (275,425), (225,425), (175,425), (125,425), (75,425), 
    (25,425),  (25,375) , (25, 325), (75, 325), (125,325),
    (175,325), (225,325), (275,325), (325,275), (325,225), 
    (325,175), (325,125), (325, 75), (325, 25), (375, 25),
    (425, 25), (425, 75), (425,125), (425,175), (425,225),
    (425,275), (425,325), (525,325), (575,325), (625,325),
    (675,325), (725,325), (725,375), (725,425), (675,425),
    (625,425), (575,425), (525,425), (475,425), (425,475),
    (425,525), (425,575), (425,625), (425,675), (425,725),
    (375,725), (325,725)

}


-----------------------------------------------------------------------------------------
WINNING PATH COORDINATES:
BLUE:   (375,675),(375,625),(375,575),(375,525),(375,475),(375,425)
RED:    (75,375),(125,375),(175,375),(225,375),(275,375),(325,375)
GREEN:  (375,75),(375,125),(375,175),(375,225),(375,275),(375,325)
YELLOW: (675,375),(625,375),(575,375),(525,375),(475,375),(425,375)

-------------------------------------------------------------------------------------------
HOUSES COORDINATES:
BLUE:  (325,675)
RED:   (75,325)
GREEN: (425,75)
YELLOW:(675,425)  


-----------------------------------------------------------------------------------------
STOP SQUARES(NEUTRAL SQUARES): Starting from Blue House
{

    (324,675), (125,425), (75,325), (325,125), (425,75), (625,325), (675,425), (425, 625)

}